1605804402 0 1 0
1606172781 271 1 0
1606649665 271 1 71
1606651930 271 24 71
1606678170 271 25 71
1606841430 339 25 71
1606841491 626 25 71
1606844085 626 25 150
1606844387 626 25 151
1606846039 626 25 171
1606847393 626 25 186
1606847639 626 25 187
1606848137 626 25 187
1606848162 895 25 187
1606852733 1018 25 187
1606853360 1018 455 187
1606854803 1139 455 187
1606856530 1280 455 187
1606857742 1280 455 187
1606857755 1565 455 187
1606857865 1565 455 187
1606861266 1692 455 187
1606861722 1692 655 187
1606923441 2004 655 187
1606924397 2069 655 187
1606924427 2069 664 187
1606928018 2069 675 187
1606930137 2311 675 187
1606938898 3761 675 187
1606940773 3761 675 188
1606941166 3774 675 188
1606942523 3774 675 188
