1605804402 1
1606172781 272
1606649665 343
1606651930 366
1606678170 367
1606841430 363
1606841491 650
1606844085 729
1606844387 729
1606846039 740
1606847393 748
1606847639 748
1606848137 480
1606848162 749
1606852733 872
1606853360 1230
1606854803 1351
1606856530 1492
1606857742 1220
1606857755 1505
1606857865 1220
1606861266 1347
1606861722 1226
1606923441 1538
1606924397 1603
1606924427 1611
1606928018 1617
1606930137 1859
1606938898 3309
1606940773 3309
1606941166 3322
1606942523 3322
